0 0.07421875 0.43515625 0.0578125 0.14921875
0 0.06640625 0.5765625 0.0796875 0.1734375
0 0.14296875 0.5734375 0.084375 0.18515625
0 0.1890625 0.43046875 0.084375 0.10078125
0 0.22265625 0.57109375 0.0890625 0.18984375
0 0.321875 0.57421875 0.09140625 0.1828125
0 0.40234375 0.571875 0.0796875 0.1734375
0 0.4734375 0.5796875 0.071875 0.16796875
0 0.453125 0.45078125 0.0796875 0.0890625
0 0.85078125 0.58203125 0.08671875 0.15859375
0 0.96484375 0.578125 0.06953125 0.165625
0 0.9 0.48828125 0.06484375 0.03828125
0 0.7953125 0.56953125 0.03359375 0.15859375
0 0.7453125 0.5796875 0.08671875 0.16328125
0 0.66328125 0.5828125 0.0765625 0.1515625
0 0.6453125 0.478125 0.07421875 0.0578125
0 0.56640625 0.50859375 0.084375 0.0453125
0 0.90625 0.57578125 0.0484375 0.165625