0 0.075 0.5921875 0.12578125 0.10859375
0 0.24453125 0.5640625 0.07890625 0.0625
0 0.0609375 0.3625 0.07734375 0.0859375
0 0.1453125 0.45 0.0875 0.078125
0 0.1328125 0.2625 0.10390625 0.08671875
0 0.05390625 0.1078125 0.1078125 0.084375
0 0.14296875 0.0984375 0.0921875 0.0640625
0 0.846875 0.14140625 0.08671875 0.0671875
0 0.771875 0.28203125 0.05859375 0.04609375
0 0.25703125 0.37578125 0.0515625 0.05390625
0 0.3078125 0.56015625 0.040625 0.05
0 0.7421875 0.540625 0.0640625 0.1015625
0 0.88828125 0.55078125 0.11875 0.14453125
0 0.8875 0.346875 0.0875 0.0578125
0 0.95 0.24921875 0.096875 0.07734375